blade sections as pc of t
-------	down te 	0.2r
30
18.2
10.9
5.45
1.55
-------	down le
0.45
2.3
5.9
13.45
20.3
26.2
40
--------up te	0.2r
53.35
72.65
86.9
96.45
--------up le
98.6
94.5
87
74.4
64.35
56.95
-----------0.3r
--------- down
25.35
12.2
5.8
1.7
0
----------
0.05
1.3
4.6
10.85
16.55
22.2
37.5
------------up 0.3
50.95
71.6
86.8
96.8
------------
98.4
94
85
72.5
62.65
54.9


17.85
6.2
1.5
0
0

0
0.3
2.65
7.8
12.5
17.9
34.5

47.7
70.25
86.55
97

98.2
93.25
84.3
70.4
60.15
52.2


9.7
1.75
0
0
0

0
0
0.7
4.3
8.45
13.3
30.4

43.4
68.4
86.1
96.95

98.1
92.4
82.3
67.7
56
48.6


5.1
0
0
0
0

0
0
0
0.8
4.45
8.4
24.5

40.2
67.15
85.4
96.8

98.1
91.25
79.35
63.6
52.2
43.35


0
0
0
0
0

0
0
0
0
0.4
2.45
16.05

39.4
66.9
84.9
96.65

97.6
88.8
74.9
57
44.2
35


0
0
0
0
0

0
0
0
0
0
0
7.4

40.95
67.8
85.3
96.7

97
85.3
68.7
48.25
34.55
25.45


0
0
0
0
0

0
0
0
0
0
0
0

45.15
70
87
97

97
87
70
45.15
30.1
22


0
0
0
0
0

0
0
0
0
0
0
0

44
72
88
97.2

97.2
88
72
44.8
29.5
21.6


